CNVR_Chr	Start	End	Length	Type
1	4291	224490	220200	gain
1	14188501	14260560	72060	gain
1	14379871	14395800	15930	loss
1	14740051	14753790	13740	gain
1	20538001	20553810	15810	loss
1	30834001	30843120	9120	loss
1	32146051	32163810	17760	loss
1	34587781	34598310	10530	loss
1	34825501	34834980	9480	loss
1	46005751	46131810	126060	loss
1	46615561	46672050	56490	gain
1	65970001	65988060	18060	gain
1	70206751	70222680	15930	loss
1	75161431	75172620	11190	loss
1	91176751	91197060	20310	loss
1	92466001	92504730	38730	gain
1	93971251	93989310	18060	loss
1	102303001	102315630	12630	loss
1	111255751	111267060	11310	loss
1	112514461	112527060	12600	loss
1	114786001	114806970	20970	loss
1	116779621	116867430	87810	loss
1	133807681	133818810	11130	loss
1	143952751	143961810	9060	gain
1	157999501	158084430	84930	gain
1	158371231	158424240	53010	loss
1	167692501	167706060	13560	loss
1	177780151	177799560	19410	loss
1	178773871	178787670	13800	loss
1	193448311	193468350	20040	loss
1	195347431	195441870	94440	gain
1	195564511	195574560	10050	gain
1	197849251	197860560	11310	loss
1	221756521	221782860	26340	loss
1	225415141	225429810	14670	loss
1	229232251	229245810	13560	loss
1	233419501	233437560	18060	loss
1	234159811	234173790	13980	loss
1	249420571	249444240	23670	loss
1	264474061	264492360	18300	gain
1	270247621	270340110	92490	loss
1	275269501	275278560	9060	loss
1	284433601	284517960	84360	loss
1	294882481	294923310	40830	loss
1	295179751	295227420	47670	loss
1	295420561	295436310	15750	loss
1	296124751	296565810	441060	loss
1	296752981	296969100	216120	gain
1	297076861	297119310	42450	loss
1	297150931	297186870	35940	gain
1	300856681	300870120	13440	loss
1	311928541	311940060	11520	loss
1	312164311	312999810	835500	loss
1	313087501	313107810	20310	loss
1	314219251	314797560	578310	loss
1	314867611	314977800	110190	loss
1	315218251	315227310	9060	loss
10	515491	531480	15990	loss
10	678571	735810	57240	loss
10	904501	913560	9060	gain
10	3729811	3764490	34680	loss
10	3942121	3964740	22620	loss
10	5285311	5305560	20250	gain
10	6322501	6339030	16530	loss
10	9403111	9414060	10950	loss
10	13124311	13133730	9420	loss
10	15774301	15784230	9930	gain
10	16444801	16455510	10710	loss
10	16524601	16547460	22860	loss
10	19837261	19847310	10050	gain
10	21579751	21699060	119310	loss
10	22215991	23388810	1172820	loss
10	23499001	23544780	45780	gain
10	40187251	40196370	9120	gain
10	40283431	40304310	20880	gain
10	40419001	40457370	38370	gain
10	45675721	45690870	15150	loss
10	48523501	48549570	26070	gain
10	48998431	49007670	9240	gain
10	54551251	54561270	10020	loss
10	62776501	62788560	12060	loss
10	67884751	67893810	9060	loss
10	78275371	78340860	65490	gain
10	78614611	78633180	18570	gain
10	78658111	79094310	436200	both
11	5271751	5283300	11550	loss
11	13281751	13295310	13560	loss
11	16429801	16439700	9900	loss
11	22223251	22235100	11850	loss
11	22547371	22558560	11190	loss
11	26158621	26174310	15690	loss
11	26854591	26865600	11010	loss
11	31473001	31500060	27060	loss
11	32215501	32231310	15810	gain
11	38864251	38888970	24720	loss
11	39091501	39120810	29310	loss
11	41064811	41073810	9000	loss
11	41155171	41191410	36240	loss
11	53962111	53971230	9120	loss
11	58077181	58086060	8880	gain
11	61288831	61301310	12480	loss
11	61391041	61402560	11520	loss
11	61706251	61733490	27240	loss
11	62514661	62691750	177090	gain
11	62691810	62798160	106351	gain
11	62802121	62865480	63360	gain
11	62948431	62975250	26820	loss
11	62977560	62993310	15751	loss
11	63518701	63546870	28170	loss
11	64368001	64377060	9060	gain
11	65466001	65475300	9300	loss
11	66762001	66881310	119310	loss
11	68296501	68323920	27420	loss
11	70562251	71910060	1347810	both
11	77292001	77310060	18060	loss
11	79854751	79875060	20310	loss
11	80421751	80448810	27060	loss
12	12847501	12856560	9060	gain
12	13151551	13162620	11070	loss
12	13959241	13986300	27060	loss
12	14204851	14229180	24330	loss
12	17988871	17997810	8940	loss
12	18231751	18281670	49920	loss
12	18288001	18297060	9060	loss
12	23226751	23420310	193560	loss
12	23661721	23765280	103560	loss
12	30820501	30890310	69810	loss
12	35716051	35746590	30540	loss
12	38047501	38059410	11910	loss
12	40691851	40700490	8640	loss
12	44458291	44480670	22380	loss
12	44772751	44831550	58800	loss
12	50766601	50827500	60900	loss
12	50880331	51250740	370410	both
12	51300481	51318060	17580	gain
12	53338501	53352240	13740	loss
12	53662801	53764350	101550	loss
12	54513481	54528930	15450	loss
12	60480001	60491550	11550	loss
13	927001	936480	9480	gain
13	1395721	1413420	17700	loss
13	2052001	2072430	20430	loss
13	2682061	2695560	13500	gain
13	7265251	7281060	15810	gain
13	8093731	8232300	138570	loss
13	8919301	8928120	8820	loss
13	10550611	10570680	20070	loss
13	12764251	12773550	9300	loss
13	14172601	14182290	9690	loss
13	14996491	15039120	42630	loss
13	34128001	34150560	22560	loss
13	34207351	34233930	26580	loss
13	61533061	61557870	24810	loss
13	63371251	63380550	9300	gain
13	64536541	64552620	16080	loss
13	69450751	69476340	25590	loss
13	77945041	77967180	22140	loss
13	93017251	93026670	9420	loss
13	93127231	93135150	7920	loss
13	122132311	122148240	15930	loss
13	122193241	122235810	42570	loss
13	122378341	122391060	12720	gain
13	138559501	138825060	265560	loss
13	141232501	141266310	33810	loss
13	147784231	147867810	83580	gain
13	157880851	157976610	95760	loss
13	158004600	158150430	145831	loss
13	158217121	158227590	10470	loss
13	164187481	164275290	87810	loss
13	164277001	164287980	10980	loss
13	164902501	164918310	15810	loss
13	170631001	170860560	229560	loss
13	171081961	171166620	84660	gain
13	171166621	171364350	197730	gain
13	171378181	171816870	438690	loss
13	171921690	172181370	259681	gain
13	172181371	172257120	75750	gain
13	193198861	193212060	13200	loss
13	194591251	194602560	11310	loss
13	196040251	196049670	9420	gain
13	197365501	197374620	9120	loss
13	197872410	197883060	10651	loss
13	202054501	202068840	14340	loss
13	204347971	204365310	17340	loss
13	204710281	204727740	17460	loss
13	205699861	205812120	112260	loss
13	213446431	213507060	60630	gain
14	2230051	2297310	67260	loss
14	2451571	2461740	10170	loss
14	6324301	6336300	12000	loss
14	6540181	6556800	16620	loss
14	6999751	7076310	76560	loss
14	10572871	10585440	12570	loss
14	12582001	12593160	11160	loss
14	14006431	14022180	15750	loss
14	17946961	17955780	8820	loss
14	18825811	18846060	20250	loss
14	21069001	21103110	34110	gain
14	34672561	34760550	87990	loss
14	36639001	36660870	21870	loss
14	43206751	43335480	128730	loss
14	52094371	52292310	197940	gain
14	52384501	52407060	22560	gain
14	56367001	56407560	40560	loss
14	62577601	62588790	11190	loss
14	65602741	65617530	14790	loss
14	74107561	74160060	52500	gain
14	89217001	89268810	51810	loss
14	90342421	90360000	17580	loss
14	90380310	90400620	20311	loss
14	94203001	94653060	450060	gain
14	96817561	96858060	40500	loss
14	99227251	99247740	20490	loss
14	115852621	116284560	431940	gain
14	116481571	116507550	25980	gain
14	120480751	120505620	24870	loss
14	120674251	120705810	31560	gain
14	120795751	120843300	47550	gain
14	129352051	129370560	18510	loss
14	129883981	129914010	30030	gain
14	139756561	139783560	27000	loss
14	141379411	141396870	17460	loss
14	142191121	142202670	11550	loss
14	145012501	145026180	13680	loss
14	153329941	153447810	117870	gain
14	153674251	153724560	50310	gain
15	2223001	2307810	84810	both
15	2493001	2542740	49740	loss
15	6157141	6170340	13200	loss
15	10917121	10928310	11190	loss
15	12342991	12354810	11820	loss
15	13725001	13803990	78990	gain
15	17790871	17828550	37680	gain
15	25729951	25762560	32610	loss
15	33012241	33021480	9240	loss
15	43387591	43706310	318720	both
15	76613221	76621560	8340	loss
15	76985311	76992930	7620	loss
15	100263511	100273560	10050	gain
15	100766491	100833930	67440	gain
15	108720001	108768870	48870	loss
15	116193031	116201370	8340	loss
15	136422001	136496310	74310	loss
15	139830811	139842060	11250	gain
15	143888461	143898420	9960	loss
15	144207001	144225060	18060	gain
15	153949501	154026060	76560	both
15	154026061	154194810	168750	both
15	154194811	154316250	121440	both
15	154316251	154372560	56310	gain
15	155180161	155524560	344400	both
15	155526751	155553930	27180	loss
16	1107001	1116060	9060	gain
16	2691001	2720310	29310	loss
16	6144751	6158310	13560	gain
16	8957041	8964060	7020	loss
16	9249751	9279060	29310	loss
16	10838251	10880790	42540	loss
16	12231241	12240180	8940	gain
16	12323251	12334620	11370	gain
16	28521721	28536810	15090	gain
16	29151001	29178060	27060	loss
16	30196501	30215310	18810	loss
16	31329841	31346010	16170	loss
16	44388721	44430810	42090	loss
16	49476271	49495170	18900	gain
16	51355381	51369810	14430	gain
16	72980251	73064430	84180	loss
16	75969001	75980310	11310	loss
16	83961001	86596290	2635290	gain
17	5401	456810	451410	loss
17	2192161	2211810	19650	gain
17	3440371	3454950	14580	loss
17	7440751	7452120	11370	loss
17	8099611	8188170	88560	loss
17	9983251	9996000	12750	gain
17	13983751	14015310	31560	gain
17	17089711	17102310	12600	gain
17	17282911	17295810	12900	gain
17	17793001	17826810	33810	loss
17	19123411	19134540	11130	loss
17	19179901	19208310	28410	loss
17	23814961	23874870	59910	loss
17	35638651	35646810	8160	loss
17	42176671	42185490	8820	gain
17	54614311	54623850	9540	loss
17	59739751	59769060	29310	loss
17	59778181	59787060	8880	loss
17	69345001	69696960	351960	gain
18	225121	393870	168750	gain
18	3519001	3530310	11310	gain
18	7741261	7807560	66300	gain
18	8252491	8295810	43320	loss
18	12676501	12694620	18120	loss
18	14085241	14112180	26940	loss
18	23616001	23656680	40680	loss
18	24600031	24615480	15450	loss
18	26239501	26248800	9300	loss
18	27895501	27915870	20370	gain
18	33064651	33082770	18120	loss
18	33768001	33777060	9060	loss
18	38623561	38634810	11250	loss
18	44709931	44727810	17880	gain
18	48748501	48838560	90060	loss
18	51495751	51509610	13860	gain
18	53329501	53392980	63480	loss
18	54129151	54139620	10470	loss
18	59618251	59634060	15810	loss
2	4038751	4167300	128550	loss
2	8679031	8716800	37770	loss
2	11445751	11642880	197130	both
2	11646061	11664480	18420	gain
2	11666491	11741100	74610	loss
2	12687751	12705810	18060	loss
2	13533751	13549620	15870	gain
2	13801921	13830870	28950	loss
2	13845871	14285310	439440	loss
2	14514751	14599320	84570	loss
2	14603161	14681310	78150	gain
2	14726731	14746620	19890	gain
2	14748751	14771310	22560	loss
2	14848291	14913060	64770	loss
2	14969371	15067500	98130	loss
2	15120361	15264060	143700	gain
2	15266431	15286620	20190	loss
2	15392251	15417060	24810	gain
2	15529501	15565560	36060	loss
2	19514311	19534560	20250	loss
2	25161871	25209060	47190	gain
2	25722001	25769490	47490	loss
2	28153801	28163310	9510	loss
2	30618121	30631290	13170	loss
2	30694501	30708060	13560	loss
2	37332001	37345560	13560	loss
2	37647181	37663290	16110	loss
2	42131371	42143580	12210	loss
2	55386301	55413060	26760	gain
2	56971201	57048600	77400	loss
2	61350751	61455330	104580	loss
2	62186101	63103860	917760	both
2	63623311	63636810	13500	loss
2	64559251	64577310	18060	loss
2	67864051	68276910	412860	loss
2	68319001	68352360	33360	loss
2	68429251	68530560	101310	loss
2	70668061	70684470	16410	loss
2	72481501	72639060	157560	both
2	74083501	74092740	9240	loss
2	81195751	81204810	9060	gain
2	83893501	83925300	31800	loss
2	96281251	96304560	23310	loss
2	120051061	120060060	9000	gain
2	129044731	129060540	15810	loss
2	130133251	130151310	18060	loss
2	130385251	130428060	42810	loss
2	131393371	131420310	26940	gain
2	140935501	140951310	15810	loss
2	144038911	144056310	17400	loss
2	148897381	148923060	25680	loss
2	148923061	148938750	15690	loss
2	148947751	149088810	141060	loss
2	153310801	153337350	26550	loss
2	155529241	155547660	18420	loss
2	158604751	158683560	78810	gain
2	158823481	158843310	19830	loss
2	158852311	158877240	24930	both
2	158917501	158928930	11430	loss
2	158964751	158992170	27420	gain
2	158996310	159032490	36181	gain
2	159034501	159070560	36060	loss
2	159075061	159088560	13500	loss
2	159095731	159138060	42330	gain
2	159154351	159214800	60450	loss
2	159214801	159225810	11010	loss
2	159225811	159286500	60690	loss
2	159303510	159334230	30721	loss
2	159334231	159345420	11190	gain
2	159345421	159431040	85620	loss
2	159493501	159525180	31680	gain
2	160103251	160119060	15810	loss
2	160168921	160179810	10890	loss
2	160179811	160236000	56190	loss
2	160238310	160323600	85291	loss
2	160335060	160355250	20191	loss
2	160355310	160393620	38311	loss
2	161255251	161275560	20310	gain
2	161624611	161658060	33450	loss
2	162186751	162565350	378600	gain
3	2479501	2488920	9420	gain
3	6763921	7023570	259650	gain
3	7233931	7243530	9600	gain
3	8314471	8331810	17340	gain
3	21989491	22012050	22560	loss
3	22164241	22208040	43800	loss
3	22208041	22596060	388020	loss
3	25697251	25782810	85560	loss
3	29648251	29684370	36120	gain
3	40757821	40779060	21240	gain
3	44957251	45103560	146310	gain
3	51464251	51475740	11490	gain
3	59564251	59667810	103560	loss
3	59739751	59764560	24810	loss
3	59931001	59994540	63540	loss
3	60737161	60762450	25290	gain
3	64760761	64789050	28290	loss
3	64789051	64806810	17760	loss
3	64818780	64850820	32041	loss
3	64850880	64949700	98821	loss
3	64962061	64974210	12150	loss
3	64978890	65001690	22801	loss
3	65007001	65023050	16050	loss
3	65023051	65110500	87450	loss
3	65110501	65128560	18060	loss
3	65128561	65142060	13500	loss
3	65144430	65157810	13381	loss
3	65157811	65169060	11250	loss
3	77341681	77357490	15810	loss
3	95980501	95990220	9720	gain
3	100021501	100071060	49560	loss
3	100316251	100399560	83310	both
3	109670281	109757370	87090	loss
3	114356251	114552480	196230	loss
3	117540001	117567060	27060	loss
3	120125251	120138810	13560	loss
3	130201231	130286490	85260	loss
3	141138181	141152220	14040	gain
3	142860091	142904310	44220	loss
3	142904311	142931910	27600	loss
3	142931911	142965060	33150	loss
3	142998751	143021310	22560	loss
3	143092560	143127720	35161	loss
3	143131561	143170290	38730	loss
3	143170291	143325120	154830	both
3	143325121	143347680	22560	loss
3	143347681	143469000	121320	loss
3	143469001	143480430	11430	both
3	143480431	143594910	114480	loss
3	143611591	143641080	29490	both
3	144347281	144391500	44220	gain
3	144391501	144783060	391560	gain
4	5501251	5544300	43050	loss
4	5616001	5625180	9180	loss
4	5692561	5711580	19020	loss
4	10915111	10935300	20190	loss
4	11077231	11095530	18300	loss
4	11098621	11117550	18930	gain
4	13187251	13198560	11310	loss
4	15979801	16007880	28080	loss
4	23213731	23241030	27300	loss
4	26127181	26138310	11130	gain
4	29002501	29013810	11310	loss
4	31484791	31496520	11730	loss
4	35588551	35606430	17880	gain
4	37311751	37323900	12150	loss
4	48413251	48422490	9240	loss
4	52053931	52067490	13560	gain
4	59132251	59141310	9060	loss
4	66772681	66780060	7380	gain
4	67906261	67916310	10050	loss
4	74504251	74530860	26610	loss
4	90331471	90340050	8580	loss
4	97391251	97434060	42810	loss
4	97609801	97625310	15510	loss
4	99641791	99708810	67020	gain
4	105329611	105468810	139200	loss
4	108687631	108704310	16680	loss
4	108906751	108941100	34350	loss
4	119151061	119328750	177690	gain
4	119328751	119337810	9060	loss
4	119337811	119389560	51750	gain
4	122020891	122033310	12420	loss
4	123966001	123977490	11490	gain
4	124940251	124960050	19800	loss
4	126263731	126321810	58080	gain
4	126469081	126565290	96210	gain
4	126642031	126684060	42030	gain
4	130752001	130801560	49560	loss
4	131121001	131134110	13110	loss
4	132063121	132071580	8460	gain
5	3733051	3923490	190440	gain
5	3991501	4005060	13560	gain
5	10435681	10450080	14400	loss
5	11016241	11031810	15570	gain
5	18186751	18204810	18060	gain
5	20802871	20814990	12120	gain
5	21101041	21116310	15270	gain
5	21235621	22196250	960630	both
5	22340310	22628310	288001	both
5	24090751	24104430	13680	loss
5	26703061	26906640	203580	loss
5	27702001	27759030	57030	loss
5	31290751	31302060	11310	loss
5	32484211	32505810	21600	loss
5	33007501	33023310	15810	gain
5	33070801	33099810	29010	gain
5	33927751	33955050	27300	loss
5	36132871	36141810	8940	loss
5	47556001	47565060	9060	loss
5	55359181	55368480	9300	loss
5	59168251	59253600	85350	loss
5	60360931	60383100	22170	loss
5	76578751	76590480	11730	loss
5	78003121	78043560	40440	loss
5	82215601	82238940	23340	gain
5	82482871	82534800	51930	gain
5	83837251	83862660	25410	loss
5	84253681	84264930	11250	loss
5	89101621	89109120	7500	loss
5	92812561	92875620	63060	loss
5	94446481	94488810	42330	loss
5	95156191	95186310	30120	loss
5	96822001	96840060	18060	loss
5	96885601	96952560	66960	loss
5	98385751	98408310	22560	loss
5	100453501	100467060	13560	loss
5	100635931	100660560	24630	loss
5	101254501	101335740	81240	loss
5	101423551	101448060	24510	loss
5	102019501	102033900	14400	loss
5	104555671	104564310	8640	gain
5	105615001	105624060	9060	loss
5	108927001	108936060	9060	loss
6	157501	175560	18060	gain
6	857371	911550	54180	gain
6	8311621	8330040	18420	gain
6	11139751	11151060	11310	loss
6	12280231	12294360	14130	loss
6	12906601	12917310	10710	loss
6	20009671	20022060	12390	loss
6	20081491	20180310	98820	loss
6	26502751	26545560	42810	gain
6	28757311	28800120	42810	loss
6	29018311	29036310	18000	loss
6	29948701	29967810	19110	loss
6	36517501	36537540	20040	gain
6	39641941	39651870	9930	gain
6	52463491	52719990	256500	gain
6	52805251	52866360	61110	loss
6	53599501	53615310	15810	gain
6	56868751	56937270	68520	gain
6	67081501	67095180	13680	loss
6	78021901	78078690	56790	loss
6	85405501	85421610	16110	loss
6	97723501	98586240	862740	loss
6	107001541	107046300	44760	loss
6	107570251	107628810	58560	gain
6	130716841	130725060	8220	loss
6	133020001	133044810	24810	gain
6	135326551	135342060	15510	gain
6	138078541	138177300	98760	loss
6	144175501	144186810	11310	loss
6	144362251	144387060	24810	gain
6	151924051	151940310	16260	gain
6	151998751	152210310	211560	gain
6	155653471	155688810	35340	loss
7	5775751	5793930	18180	loss
7	5807251	5843310	36060	loss
7	7072231	7087560	15330	loss
7	7758241	7769550	11310	loss
7	7834561	7845810	11250	loss
7	14375251	14389410	14160	loss
7	16917751	16943940	26190	loss
7	16949251	16960560	11310	gain
7	18769501	18780810	11310	loss
7	20486491	20495550	9060	loss
7	21312061	21325680	13620	loss
7	22200751	22239060	38310	gain
7	22419421	22473060	53640	both
7	23305501	23334750	29250	loss
7	23334810	23359560	24751	loss
7	23359561	23474790	115230	loss
7	23474850	23488110	13261	loss
7	23488170	23524350	36181	loss
7	23524351	23665560	141210	loss
7	23757931	23773170	15240	loss
7	23773230	23814180	40951	loss
7	24342811	24356310	13500	gain
7	24504751	24532470	27720	loss
7	24621751	24759180	137430	gain
7	25359751	26673810	1314060	both
7	28087111	28233060	145950	loss
7	28365061	28388610	23550	loss
7	28597501	28804560	207060	gain
7	28806751	28822560	15810	loss
7	28953060	28966560	13501	loss
7	31473841	31495560	21720	loss
7	31821751	31855560	33810	gain
7	50301961	50677050	375090	loss
7	50699310	50760060	60751	loss
7	77967001	77991810	24810	loss
7	82101091	82585440	484350	both
7	82604491	82629300	24810	loss
7	82687501	82707810	20310	gain
7	82741501	82775310	33810	loss
7	84555001	84564180	9180	loss
7	101424331	101446470	22140	gain
7	110396251	110421120	24870	loss
7	113935501	113971560	36060	loss
7	120201541	120213060	11520	loss
7	122793751	122807310	13560	gain
7	131024311	131051430	27120	loss
7	131718871	131730420	11550	loss
7	132639751	132797310	157560	loss
7	133404751	133413810	9060	loss
7	133544491	133557810	13320	loss
8	5751121	5760060	8940	loss
8	6369931	6383310	13380	loss
8	8218141	8228610	10470	loss
8	8577001	8586060	9060	loss
8	10104751	10117140	12390	gain
8	10269121	10343550	74430	gain
8	14541751	14559810	18060	loss
8	16103251	16112310	9060	loss
8	22245481	22275060	29580	loss
8	23056231	23066310	10080	loss
8	24259501	24269160	9660	loss
8	25074001	25094310	20310	loss
8	28471501	28485420	13920	loss
8	37669801	37704750	34950	loss
8	43301791	43891650	589860	gain
8	57525991	57552810	26820	gain
8	59195251	59402310	207060	loss
8	61096501	61141560	45060	loss
8	64299151	64307310	8160	gain
8	69423991	69439620	15630	loss
8	70555501	70601040	45540	loss
8	70696261	70758060	61800	loss
8	95383021	95391060	8040	gain
8	97978501	98039310	60810	loss
8	100395241	100467300	72060	loss
8	100482751	100496310	13560	gain
8	100674001	100770990	96990	loss
8	101102341	101117850	15510	loss
8	103565251	103583670	18420	loss
8	109224001	109247940	23940	loss
8	109962001	109993740	31740	gain
8	131541931	131676810	134880	loss
8	135549061	135569490	20430	loss
8	140024971	140249610	224640	loss
8	140586751	140595810	9060	loss
9	1749331	2245560	496230	both
9	3217621	3309810	92190	both
9	3530041	3618060	88020	gain
9	4259251	4272810	13560	gain
9	4389751	4414560	24810	loss
9	4446001	4477560	31560	both
9	4482001	4491060	9060	loss
9	5114251	5130060	15810	gain
9	5260681	5323560	62880	gain
9	5404501	5415810	11310	loss
9	5568751	5591790	23040	both
9	5688001	5814060	126060	loss
9	6599251	6759060	159810	gain
9	8305651	8316060	10410	loss
9	9370141	9395490	25350	gain
9	9549001	9614310	65310	loss
9	12440251	12460560	20310	loss
9	24657931	24671610	13680	loss
9	29231131	29275230	44100	gain
9	31866421	31900560	34140	loss
9	39989251	39998430	9180	gain
9	40047751	40072560	24810	both
9	44475991	44484810	8820	gain
9	56088001	56423850	335850	both
9	56830501	56952060	121560	gain
9	58549501	58623810	74310	gain
9	60966661	61017810	51150	loss
9	61114561	61128480	13920	loss
9	69654631	69765810	111180	gain
9	69961621	69972870	11250	gain
9	76376491	76456680	80190	loss
9	86719561	86729220	9660	loss
9	89959501	89971410	11910	loss
9	90040681	90063060	22380	loss
9	101338351	101349300	10950	loss
9	102688891	102741810	52920	gain
9	109815751	109824810	9060	loss
9	110629741	110646060	16320	loss
9	119538301	119547060	8760	loss
9	134444251	134460060	15810	gain
9	138845671	138861180	15510	loss
9	144047251	144104520	57270	loss
9	145998841	146013810	14970	loss
9	146040751	146056560	15810	gain
9	146711251	146763600	52350	loss
9	146812501	146835060	22560	loss
9	147334861	147343560	8700	loss
9	149341501	149352810	11310	loss
9	150968251	150984060	15810	loss
X	181	16650	16470	gain
X	18001	373980	355980	gain
X	1836001	1872060	36060	loss
X	2306551	2317560	11010	loss
X	5330671	5341560	10890	loss
X	11963491	12003810	40320	loss
X	14472841	14487420	14580	loss
X	23484451	23494620	10170	gain
X	27999661	28015830	16170	loss
X	32767411	32778060	10650	loss
X	40527301	40536420	9120	loss
X	41953501	41969310	15810	loss
X	51300001	51311370	11370	loss
X	53835751	53876310	40560	gain
X	55266751	55275870	9120	loss
X	58655611	58686180	30570	loss
X	65088421	65112810	24390	loss
X	65425921	65435100	9180	loss
X	68368621	68380830	12210	loss
X	68535541	68600610	65070	loss
X	69628501	69655560	27060	loss
X	71644861	71659680	14820	loss
X	72407251	72446100	38850	loss
X	73550491	73566180	15690	loss
X	74208211	74218560	10350	gain
X	74643751	74653350	9600	loss
X	74862841	74891310	28470	loss
X	74924611	74992800	68190	loss
X	75287971	75312300	24330	loss
X	76373911	76395990	22080	loss
X	77593980	77618490	24511	loss
X	80592301	80723730	131430	loss
X	82114531	82130160	15630	loss
X	82168231	82188060	19830	loss
X	83281801	83317620	35820	gain
X	83320471	83337870	17400	loss
X	83497501	83547060	49560	loss
X	84024181	84033060	8880	loss
X	84119101	84357780	238680	loss
X	85595881	85614870	18990	loss
X	85767751	85783560	15810	loss
X	87731731	87741240	9510	loss
X	87748231	87763560	15330	loss
X	89258281	89266680	8400	gain
X	91336681	91353210	16530	loss
X	91620001	91658310	38310	loss
X	92583421	92609190	25770	loss
X	92741221	92749560	8340	loss
X	93141301	93150180	8880	loss
X	95168491	95203140	34650	loss
X	95265421	95300070	34650	loss
X	95422501	95508120	85620	loss
X	95970211	95999460	29250	loss
X	96072360	96095490	23131	loss
X	96104310	96117810	13501	loss
X	96520501	96636030	115530	loss
X	96929491	97002060	72570	loss
X	97661251	97670310	9060	loss
X	109599751	109624560	24810	loss
X	119709361	119732100	22740	gain
X	122244061	122265060	21000	gain
X	126097831	126109500	11670	loss
X	127871911	127885350	13440	loss
X	128832811	128848560	15750	loss
X	136305001	136345560	40560	gain
X	138863671	138881430	17760	loss
X	141046171	141059310	13140	gain
X	142345201	142566810	221610	both
X	143755711	143823090	67380	loss
